16.03257021689518,-2.127711189778792
16.266672655407834,-2.1465325188645346
16.266672655407834,-2.1465325188645346
16.58503108044986,-2.099421508389925
16.701717509252273,-2.1079731234953827
16.701717509252273,-2.1079731234953827
16.701717509252273,-2.1079731234953827
16.87760454088231,-2.111869521482972
16.87760454088231,-2.111869521482972
17.239577158664297,-2.0883943166100845
17.419897940848816,-2.0526826463506667
17.419897940848816,-2.0526826463506667
17.58581030083025,-2.001653308413902
17.58581030083025,-2.001653308413902
17.58581030083025,-2.001653308413902
17.73697448796263,-1.9883219547251167
17.866014011137057,-2.000790371834022
17.951229810093604,-1.9776675829605275
18.037129513202803,-2.000790371834022
18.0763366318852,-2.0239040247121998
18.19262398103925,-2.021294933026897
18.19262398103925,-2.021294933026897
18.23448529807986,-2.03274477754028
18.40111923539874,-1.9689740042757307
18.40111923539874,-1.9689740042757307
18.40111923539874,-1.9689740042757307
18.418250404167416,-1.9751392132207652
18.50513778608127,-1.979556641396903
18.50513778608127,-1.979556641396903
18.546253884428157,-1.904564315352697
18.546253884428157,-1.904564315352697
18.620058223116732,-1.8262291546866014
18.620058223116732,-1.8262291546866014
18.58492633848365,-1.744592166726554
18.634487900400625,-1.6226398145985663
18.634487900400625,-1.6226398145985663
18.634487900400625,-1.6226398145985663
18.634487900400625,-1.6226398145985663
18.693837585339562,-1.6077614085519223
18.693837585339562,-1.6077614085519223
18.693837585339562,-1.6077614085519223
18.72985428607363,-1.5458432901521821
18.72985428607363,-1.5458432901521821
18.583373762420713,-1.451871417533646
18.5373578192665,-1.4604769006846239
18.549362084456423,-1.4327044025157232
18.376461817593906,-1.4173028904018539
18.376461817593906,-1.4173028904018539
18.249101753377406,-1.415241448692153
18.249101753377406,-1.415241448692153
18.11490928686905,-1.4364648823423747
17.984000718261807,-1.3675704794397558
17.7348102516209,-1.3400563946909967
17.65704305034214,-1.335781892634566
17.524615937471925,-1.323528883298895
17.48151142733937,-1.3513008480666955
17.48151142733937,-1.3513008480666955
17.416946685594148,-1.2894107922588993
17.416946685594148,-1.315070708522758
17.38054202684974,-1.3067052459428858
17.342256609334843,-1.3067522150931867
17.351123090745734,-1.2915723270440251
17.351123090745734,-1.2915723270440251
17.351123090745734,-1.308679245283019
17.31813281586891,-1.3042618944947535
17.336184588844162,-1.3044493962047155
17.303194738922627,-1.3171380314083445
17.35624472346464,-1.318873381114045
17.35624472346464,-1.318873381114045
17.333375237958407,-1.2993786142739125
17.333375237958407,-1.2993786142739125
17.42266930123945,-1.3466858271959763
17.427316810344827,-1.3464439655172413
17.438225255972696,-1.3680617927070235
17.438225255972696,-1.3680617927070235
17.438225255972696,-1.3680617927070235
17.438225255972696,-1.3680617927070235
17.468709584710446,-1.3893878430809024
17.514746560333368,-1.3936128174731472
17.52693136902623,-1.4110671936758894
17.52693136902623,-1.4110671936758894
17.574024177758616,-1.4471268703633848
17.574024177758616,-1.4471268703633848
17.56898472596586,-1.44125786163522
17.61522020260076,-1.4833321359293052
17.61522020260076,-1.4833321359293052
17.63584261588214,-1.5393460294646066
17.63584261588214,-1.5393460294646066
17.63584261588214,-1.5393460294646066
17.72460017969452,-1.539622641509434
17.681008315821614,-1.575210589651023
17.713247318011106,-1.5888335819152186
17.713247318011106,-1.5888335819152186
17.713247318011106,-1.5888335819152186
17.713247318011106,-1.5888335819152186
17.74347872951998,-1.6290241448692153
17.71427288080779,-1.6463042150274894
17.766176840441204,-1.6674451191032227
17.711727086551935,-1.6759961197140085
17.711727086551935,-1.6759961197140085
17.711727086551935,-1.6759961197140085
17.836183666870262,-1.7059246218517587
17.836183666870262,-1.7059246218517587
17.847809681244833,-1.7233981384985806
17.8643713058944,-1.7594631981747302
17.816048584159837,-1.7917565042403334
17.816048584159837,-1.7917565042403334
17.816048584159837,-1.7917565042403334
17.816048584159837,-1.7917565042403334
17.91233223737401,-1.8237302143408973
17.91233223737401,-1.8237302143408973
17.91233223737401,-1.8237302143408973
17.91233223737401,-1.8237302143408973
17.939238232123607,-1.8258354293927417
17.95411409468349,-1.8051691290125453
17.95411409468349,-1.8051691290125453
18.03777586082956,-1.8263604341887716
18.03777586082956,-1.8263604341887716
18.03777586082956,-1.8263604341887716
18.054309740714785,-1.8110973352739295
17.989146451033243,-1.8176100628930818
17.989146451033243,-1.8176100628930818
17.989146451033243,-1.8176100628930818
17.989146451033243,-1.8176100628930818
17.870224002586717,-1.8063015322711025
17.870224002586717,-1.8063015322711025
17.87700323392023,-1.8472152353575277
17.839388385798475,-1.8473479948253557
17.784928848641655,-1.8387954578122754
17.74985622888362,-1.839192006325929
17.698321562707783,-1.8711700540909664
17.698321562707783,-1.8711700540909664
17.697441701699542,-1.8514246703316446
17.697441701699542,-1.8514246703316446
17.697441701699542,-1.8514246703316446
17.697441701699542,-1.8514246703316446
17.697441701699542,-1.8514246703316446
17.697441701699542,-1.8514246703316446
17.67243733716647,-1.9264935764980684
17.67243733716647,-1.9264935764980684
17.61689384551838,-1.9340732359966237
17.5673040634042,-1.8841363693546358
17.5673040634042,-1.8841363693546358
17.5673040634042,-1.8841363693546358
17.5673040634042,-1.8841363693546358
17.571510729305203,-1.8649221810862298
17.497700075466273,-1.8217558486362166
17.480448182291948,-1.8241234927309649
17.496639410549015,-1.8370203971605714
17.496639410549015,-1.8370203971605714
17.496639410549015,-1.8370203971605714
17.546695053809806,-1.7980739862376256
17.546695053809806,-1.7980739862376256
17.523559644898107,-1.7963555331919634
17.506738544474395,-1.791949685534591
17.506738544474395,-1.791949685534591
17.53156098437219,-1.7656547512125023
17.53156098437219,-1.7656547512125023
17.53156098437219,-1.7656547512125023
17.572976177643636,-1.7445294815134202
17.572976177643636,-1.7445294815134202
17.564147485310766,-1.7597793470253176
17.536601142775,-1.7576095159377583
17.536601142775,-1.7576095159377583
17.561623039471083,-1.7253193438853056
17.59337214107332,-1.6868969977901147
17.582867566450407,-1.6446093848282803
17.582867566450407,-1.6446093848282803
17.547325583484557,-1.5971575902402213
17.547956158476328,-1.597214985176534
17.513689032605768,-1.6012036288511633
17.513689032605768,-1.6012036288511633
17.54606456944719,-1.5371804315409352
17.59757806604621,-1.5137446548564448
17.59757806604621,-1.5137446548564448
17.59757806604621,-1.5137446548564448
17.53071089706728,-1.484078493387004
17.597989904614778,-1.4343530510697156
17.597989904614778,-1.4343530510697156
17.56099204139195,-1.425956200707831
17.582867566450407,-1.6446093848282803
17.547325583484557,-1.5971575902402213
17.547956158476328,-1.597214985176534
17.513689032605768,-1.6012036288511633
17.513689032605768,-1.6012036288511633
17.54606456944719,-1.5371804315409352
17.59757806604621,-1.5137446548564448
17.59757806604621,-1.5137446548564448
17.59757806604621,-1.5137446548564448
17.53071089706728,-1.484078493387004
17.597989904614778,-1.4343530510697156
17.597989904614778,-1.4343530510697156
17.56099204139195,-1.425956200707831
17.54627300172513,-1.4199252443933295
17.54627300172513,-1.4199252443933295
17.558468502451905,-1.3915503583553377
17.576549952392075,-1.3917503548137902
17.576549952392075,-1.3917503548137902
17.569616158711902,-1.3985408280621046
17.569616158711902,-1.3985408280621046
17.580339975921365,-1.3407306247866166
17.580339975921365,-1.3407306247866166
17.580339975921365,-1.3407306247866166
17.639645629672227,-1.2916187464059805
17.639645629672227,-1.2916187464059805
17.639415389590557,-1.233592641167065
17.639415389590557,-1.233592641167065
17.647596637447908,-1.188460985773818
17.675771075463903,-1.1692863173399917
17.620917028998527,-1.1417226634086743
17.691327309633728,-1.1265336183513266
17.691327309633728,-1.1265336183513266
17.733403402863868,-1.1010797894320774
17.78428976966474,-1.0861331704337203
17.79372136890326,-1.1052366837330458
17.832249254321344,-1.094764078053689
17.834537091934816,-1.1352880935697731
17.8598793038418,-1.164843651777215
17.8598793038418,-1.164843651777215
17.89548712789465,-1.165136625765769
17.89548712789465,-1.165136625765769
17.88542527579144,-1.167379352474038
17.907770130640262,-1.1483225215188053
17.906483028767543,-1.1097514958762331
17.880571674960922,-1.109591994394639
17.89835016713993,-1.08644549081629
17.885070174492785,-1.0585476306000323
17.877645621474002,-1.0219914477703116
17.88478260869565,-1.0219547251167804
17.88478260869565,-1.0219547251167804
17.88478260869565,-1.0219547251167804
17.828405130600366,-1.026120073294291
17.828405130600366,-1.026120073294291
17.763244884393583,-0.9983831270323195
17.738886692780394,-1.00068279009595
17.738886692780394,-1.00068279009595
17.719117779175278,-0.9985266373191987
17.66989741839283,-0.9641772811382786
17.659580391945536,-0.9597636112158934
17.681248203506755,-0.9834004024144869
17.681248203506755,-0.9834004024144869
17.636246878985467,-0.98113919275745
17.620917028998527,-0.9535736102626756
17.620917028998527,-0.9535736102626756
17.639645629672227,-1.2916187464059805
17.639645629672227,-1.2916187464059805
17.639415389590557,-1.233592641167065
17.639415389590557,-1.233592641167065
17.647596637447908,-1.188460985773818
17.675771075463903,-1.1692863173399917
17.620917028998527,-1.1417226634086743
17.691327309633728,-1.1265336183513266
17.691327309633728,-1.1265336183513266
17.733403402863868,-1.1010797894320774
17.78428976966474,-1.0861331704337203
17.79372136890326,-1.1052366837330458
